[gd_scene load_steps=18 format=3 uid="uid://bqqgyqafm7xwp"]

[ext_resource type="Script" uid="uid://djpme521r3cxe" path="res://scripts/main.gd" id="1_jkv2x"]
[ext_resource type="PackedScene" uid="uid://dl2ed4gkybggf" path="res://objects/player.tscn" id="2_onms2"]
[ext_resource type="Script" uid="uid://bcg2kkbsnttec" path="res://scripts/view.gd" id="5_bg0fr"]
[ext_resource type="PackedScene" uid="uid://cnymdajj1vsqm" path="res://objects/platform.tscn" id="6_sdmev"]
[ext_resource type="PackedScene" uid="uid://rjh4ifidqrfp" path="res://objects/platform_medium.tscn" id="7_ixpj3"]
[ext_resource type="PackedScene" uid="uid://uqr4hswv6d2g" path="res://objects/platform_grass_large_round.tscn" id="8_4oh1e"]
[ext_resource type="PackedScene" uid="uid://c8up71en5djgm" path="res://objects/platform_falling.tscn" id="9_2fnpo"]
[ext_resource type="PackedScene" uid="uid://dtjvjdjl8cs6e" path="res://models/flag.glb" id="9_fw1f5"]
[ext_resource type="PackedScene" uid="uid://dfpisimsgf5ce" path="res://objects/coin.tscn" id="10_fwhys"]
[ext_resource type="Script" uid="uid://bap462su1xjtx" path="res://scripts/hud.gd" id="11_apvpm"]
[ext_resource type="PackedScene" uid="uid://85ldumyetgou" path="res://objects/brick.tscn" id="12_jkv2x"]
[ext_resource type="PackedScene" uid="uid://dy017k58p20sk" path="res://objects/cloud.tscn" id="13_drtpy"]
[ext_resource type="Texture2D" uid="uid://cd7oyc56ehkx1" path="res://sprites/coin.png" id="13_jfda3"]
[ext_resource type="FontFile" uid="uid://d0cxd77jybrcn" path="res://fonts/lilita_one_regular.ttf" id="17_tk810"]

[sub_resource type="Sky" id="Sky_a8y0u"]

[sub_resource type="Environment" id="Environment_a8y0u"]
background_mode = 1
background_color = Color(0.89895, 0.475122, 0.612123, 1)
background_energy_multiplier = 1.85
sky = SubResource("Sky_a8y0u")
sky_custom_fov = 41.7
ambient_light_source = 3
ambient_light_color = Color(0.442883, 0.661026, 0.72651, 1)
ambient_light_sky_contribution = 0.0
ambient_light_energy = 1.55

[sub_resource type="LabelSettings" id="LabelSettings_38ys3"]
font = ExtResource("17_tk810")
font_size = 48
shadow_color = Color(0, 0, 0, 0.376471)
shadow_offset = Vector2(2, 2)

[node name="Main" type="Node3D"]
script = ExtResource("1_jkv2x")

[node name="Environment" type="WorldEnvironment" parent="."]
environment = SubResource("Environment_a8y0u")

[node name="Player" parent="." node_paths=PackedStringArray("view") groups=["player"] instance=ExtResource("2_onms2")]
transform = Transform3D(0.5, 0, 0, 0, 0.5, 0, 0, 0, 0.5, 0, 0.492775, 0)
top_level = true
view = NodePath("../View")

[node name="View" type="Node3D" parent="." node_paths=PackedStringArray("target")]
transform = Transform3D(0.707107, -0.298836, 0.640856, 0, 0.906308, 0.422618, -0.707107, -0.298836, 0.640856, 0, 0, 0)
script = ExtResource("5_bg0fr")
target = NodePath("../Player")

[node name="Camera" type="Camera3D" parent="View"]
transform = Transform3D(1, 0, 0, 0, 1, 0, 0, 0, 1, 0, 0, 10)
current = true
fov = 40.0

[node name="World" type="Node3D" parent="."]

[node name="platform" parent="World" instance=ExtResource("6_sdmev")]
transform = Transform3D(0.993085, 0, -0.117399, 0, 1, 0, 0.117399, 0, 0.993085, 0, 0, 0)

[node name="platform4" parent="World" instance=ExtResource("6_sdmev")]
transform = Transform3D(0.993085, 0, -0.117399, 0, 1, 0, 0.117399, 0, 0.993085, -15, 0, 4)

[node name="platform6" parent="World" instance=ExtResource("6_sdmev")]
transform = Transform3D(0.977944, 0, 0.208867, 0, 1, 0, -0.208867, 0, 0.977944, -22.0759, 1.51326, -4.76548)

[node name="platform8" parent="World" instance=ExtResource("6_sdmev")]
transform = Transform3D(0.977944, 0, 0.208867, 0, 1, 0, -0.208867, 0, 0.977944, -18.3252, 1.51326, -4.76548)

[node name="platform2" parent="World" instance=ExtResource("6_sdmev")]
transform = Transform3D(1, 0, 0, 0, 1, 0, 0, 0, 1, -3, 2, -3)

[node name="platform7" parent="World" instance=ExtResource("6_sdmev")]
transform = Transform3D(1, 0, 0, 0, 1, 0, 0, 0, 1, -3.18315, -0.0490253, 3.61838)

[node name="platform3" parent="World" instance=ExtResource("6_sdmev")]
transform = Transform3D(0.966237, 0, -0.257656, 0, 1, 0, 0.257656, 0, 0.966237, -3, 3, -5)

[node name="platform-medium" parent="World" instance=ExtResource("7_ixpj3")]
transform = Transform3D(0.996134, 0, 0.0878512, 0, 1, 0, -0.0878512, 0, 0.996134, -4.24413, 0, 0)

[node name="platform-medium2" parent="World" instance=ExtResource("7_ixpj3")]
transform = Transform3D(0.995121, 0, 0.0986598, 0, 1, 0, -0.0986598, 0, 0.995121, 0.41433, 0, 6.73092)

[node name="platform-medium4" parent="World" instance=ExtResource("7_ixpj3")]
transform = Transform3D(0.929796, 0, -0.368076, 0, 1, 0, 0.368076, 0, 0.929796, -14.5903, 0.991941, -6.49146)

[node name="platform-medium3" parent="World" instance=ExtResource("7_ixpj3")]
transform = Transform3D(1, 0, 0, 0, 1, 0, 0, 0, 1, -0.107288, 4.08787, -7.77973)

[node name="platform-falling" parent="World" instance=ExtResource("9_2fnpo")]
transform = Transform3D(0.984808, 0, 0.173648, 0, 1, 0, -0.173648, 0, 0.984808, -9, 0.419294, 4)
visible = false

[node name="platform-falling4" parent="World" instance=ExtResource("9_2fnpo")]
transform = Transform3D(0.984808, 0, 0.173648, 0, 1, 0, -0.173648, 0, 0.984808, -6.28014, -0.190432, 3.47852)

[node name="platform-falling6" parent="World" instance=ExtResource("9_2fnpo")]
transform = Transform3D(0.984808, 0, 0.173648, 0, 1, 0, -0.173648, 0, 0.984808, 0.721727, -0.190432, 3.10174)
visible = false

[node name="platform-falling2" parent="World" instance=ExtResource("9_2fnpo")]
transform = Transform3D(0.994522, 0, -0.104528, 0, 1, 0, 0.104528, 0, 0.994522, -12, -0.315063, 4)

[node name="platform-falling9" parent="World" instance=ExtResource("9_2fnpo")]
transform = Transform3D(0.994522, 0, -0.104528, 0, 1, 0, 0.104528, 0, 0.994522, -21.9049, 0.333058, -1.8298)

[node name="platform-falling3" parent="World" instance=ExtResource("9_2fnpo")]
transform = Transform3D(0.939693, 0, 0.34202, 0, 1, 0, -0.34202, 0, 0.939693, -11.7527, 1.8303, -2.30579)

[node name="platform-falling8" parent="World" instance=ExtResource("9_2fnpo")]
transform = Transform3D(0.939693, 0, 0.34202, 0, 1, 0, -0.34202, 0, 0.939693, -10.5522, 2.39076, -8.49688)

[node name="platform-falling7" parent="World" instance=ExtResource("9_2fnpo")]
transform = Transform3D(0.939693, 0, 0.34202, 0, 1, 0, -0.34202, 0, 0.939693, -14.7986, 0.542796, -1.10904)

[node name="platform-falling5" parent="World" instance=ExtResource("9_2fnpo")]
transform = Transform3D(0.939693, 0, 0.34202, 0, 1, 0, -0.34202, 0, 0.939693, -8.88026, 1.8303, 0.255606)

[node name="platform-grass-large-round" parent="World" instance=ExtResource("8_4oh1e")]
transform = Transform3D(1, 0, 0, 0, 1, 0, 0, 0, 1, -7, 1, -5.13495)

[node name="platform-grass-large-round2" parent="World" instance=ExtResource("8_4oh1e")]
transform = Transform3D(1, 0, 0, 0, 1, 0, 0, 0, 1, -19.3105, 1, 2.83196)

[node name="platform-grass-large-round3" parent="World" instance=ExtResource("8_4oh1e")]
transform = Transform3D(1, 0, 0, 0, 1, 0, 0, 0, 1, -21.1686, 1, -9.74588)

[node name="flag" parent="World" instance=ExtResource("9_fw1f5")]
transform = Transform3D(0.707107, 0, -0.707107, 0, 1, 0, 0.707107, 0, 0.707107, 0, 4.48727, -7.74132)

[node name="coin" parent="World" instance=ExtResource("10_fwhys")]
transform = Transform3D(1, 0, 0, 0, 1, 0, 0, 0, 1, -4.24417, 0.635, 0)

[node name="coin16" parent="World" instance=ExtResource("10_fwhys")]
transform = Transform3D(1, 0, 0, 0, 1, 0, 0, 0, 1, 0.935714, 0.635, 2.90764)

[node name="coin10" parent="World" instance=ExtResource("10_fwhys")]
transform = Transform3D(1, 0, 0, 0, 1, 0, 0, 0, 1, -8.90833, 1.17005, 4)

[node name="coin2" parent="World" instance=ExtResource("10_fwhys")]
transform = Transform3D(1, 0, 0, 0, 1, 0, 0, 0, 1, -7.0437, 1.97005, -3.63886)

[node name="coin3" parent="World" instance=ExtResource("10_fwhys")]
transform = Transform3D(1, 0, 0, 0, 1, 0, 0, 0, 1, -7.0437, 1.97005, -4.94324)

[node name="coin5" parent="World" instance=ExtResource("10_fwhys")]
transform = Transform3D(1, 0, 0, 0, 1, 0, 0, 0, 1, -11.7731, 2.54941, -2.28223)

[node name="coin18" parent="World" instance=ExtResource("10_fwhys")]
transform = Transform3D(1, 0, 0, 0, 1, 0, 0, 0, 1, -10.6289, 3.40332, -8.14065)

[node name="coin15" parent="World" instance=ExtResource("10_fwhys")]
transform = Transform3D(1, 0, 0, 0, 1, 0, 0, 0, 1, -8.90272, 2.54941, 0.203402)

[node name="coin6" parent="World" instance=ExtResource("10_fwhys")]
transform = Transform3D(1, 0, 0, 0, 1, 0, 0, 0, 1, -14.502, 1.6888, -6.59099)

[node name="coin7" parent="World" instance=ExtResource("10_fwhys")]
transform = Transform3D(1, 0, 0, 0, 1, 0, 0, 0, 1, -14.4675, 2.6888, -6.65464)

[node name="coin8" parent="World" instance=ExtResource("10_fwhys")]
transform = Transform3D(1, 0, 0, 0, 1, 0, 0, 0, 1, -14.9647, 0.801836, 3.99354)

[node name="coin9" parent="World" instance=ExtResource("10_fwhys")]
transform = Transform3D(1, 0, 0, 0, 1, 0, 0, 0, 1, 0, 5.64438, -7.73345)

[node name="coin4" parent="World" instance=ExtResource("10_fwhys")]
transform = Transform3D(1, 0, 0, 0, 1, 0, 0, 0, 1, -7.0437, 1.97005, -6.41107)

[node name="coin11" parent="World" instance=ExtResource("10_fwhys")]
transform = Transform3D(1, 0, 0, 0, 1, 0, 0, 0, 1, -6.70933, 5.33928, -4.64261)

[node name="coin12" parent="World" instance=ExtResource("10_fwhys")]
transform = Transform3D(1, 0, 0, 0, 1, 0, 0, 0, 1, -18.979, 1.77544, 2.8622)

[node name="coin17" parent="World" instance=ExtResource("10_fwhys")]
transform = Transform3D(1, 0, 0, 0, 1, 0, 0, 0, 1, -21.0307, 1.77544, -9.55745)

[node name="coin13" parent="World" instance=ExtResource("10_fwhys")]
transform = Transform3D(1, 0, 0, 0, 1, 0, 0, 0, 1, -22.1174, 2.56071, -4.757)

[node name="coin14" parent="World" instance=ExtResource("10_fwhys")]
transform = Transform3D(1, 0, 0, 0, 1, 0, 0, 0, 1, -22.1174, 3.32059, -4.757)

[node name="cube8" parent="World" instance=ExtResource("13_drtpy")]
transform = Transform3D(1, 0, 0, 0, 1, 0, 0, 0, 1, 1.5495, 1.10741, -2.666)

[node name="cube9" parent="World" instance=ExtResource("13_drtpy")]
transform = Transform3D(1.27593, -0.401864, 0.422933, 0.471408, 1.30937, -0.178025, -0.343721, 0.304009, 1.32582, 3.33538, 1.37146, -4.1932)

[node name="cube10" parent="World" instance=ExtResource("13_drtpy")]
transform = Transform3D(1.32811, 0.370441, 0.259369, -0.293866, 1.3186, -0.37854, -0.34372, 0.30401, 1.32582, -10.5752, 2.03819, -5.58803)

[node name="cube11" parent="World" instance=ExtResource("13_drtpy")]
transform = Transform3D(0.476646, 0.924607, 0.941422, -0.929853, 0.945559, -0.457882, -0.93624, -0.468385, 0.934042, -9.46754, 2.03819, 11.5094)

[node name="cube12" parent="World" instance=ExtResource("13_drtpy")]
transform = Transform3D(-1.02876, -0.695523, 0.652886, -0.929853, 0.945557, -0.457881, -0.213027, -0.768461, -1.15432, -9.20183, 2.79508, 13.7432)

[node name="cube16" parent="World" instance=ExtResource("13_drtpy")]
transform = Transform3D(-1.02876, -0.695523, 0.652886, -0.929853, 0.945557, -0.457881, -0.213027, -0.768461, -1.15432, -16.2133, 1.45351, 0.305984)

[node name="cube17" parent="World" instance=ExtResource("13_drtpy")]
transform = Transform3D(-1.02876, -0.695523, 0.652886, -0.929853, 0.945557, -0.457881, -0.213027, -0.768461, -1.15432, -13.3129, 1.45351, 0.305984)

[node name="cube13" parent="World" instance=ExtResource("13_drtpy")]
transform = Transform3D(1.56209, -1.37982, 1.71508, 1.97375, 1.80907, -0.342241, -0.974547, 1.4522, 2.05595, -14.3045, 2.03819, -11.8122)

[node name="cube14" parent="World" instance=ExtResource("13_drtpy")]
transform = Transform3D(1.56209, -1.37982, 1.71508, 1.97375, 1.80907, -0.342241, -0.974547, 1.4522, 2.05595, -14.152, 2.03819, 10.0652)

[node name="cube18" parent="World" instance=ExtResource("13_drtpy")]
transform = Transform3D(1.56209, -1.37982, 1.71508, 1.97375, 1.80907, -0.342241, -0.974547, 1.4522, 2.05595, -14.152, -0.229239, -1.67132)

[node name="cube15" parent="World" instance=ExtResource("13_drtpy")]
transform = Transform3D(1.56209, -1.37982, 1.71508, 1.97375, 1.80907, -0.342241, -0.974547, 1.4522, 2.05595, -0.0855842, -2.754, 3.30144)

[node name="brick" parent="World" instance=ExtResource("12_jkv2x")]
transform = Transform3D(1, 0, 0, 0, 1, 0, 0, 0, 1, -4.32608, 1.98572, -0.0886177)

[node name="brick2" parent="World" instance=ExtResource("12_jkv2x")]
transform = Transform3D(0.855265, 0, -0.518191, 0, 1, 0, 0.518191, 0, 0.855265, -6.76351, 3.21501, -4.91171)

[node name="brick3" parent="World" instance=ExtResource("12_jkv2x")]
transform = Transform3D(0.939082, 0, 0.343692, 0, 1, 0, -0.343692, 0, 0.939082, -19.1113, 3.34928, 2.78019)

[node name="brick5" parent="World" instance=ExtResource("12_jkv2x")]
transform = Transform3D(0.939082, 0, 0.343692, 0, 1, 0, -0.343692, 0, 0.939082, -20.8257, 3.34928, -9.51942)

[node name="brick4" parent="World" instance=ExtResource("12_jkv2x")]
transform = Transform3D(0.939082, 0, 0.343692, 0, 1, 0, -0.343692, 0, 0.939082, -2.84309, 4.69188, -4.9723)

[node name="Sun" type="DirectionalLight3D" parent="."]
transform = Transform3D(-0.422618, -0.694272, 0.582563, 0, 0.642788, 0.766044, -0.906308, 0.323744, -0.271654, 0, 0, 0)
shadow_enabled = true
shadow_opacity = 0.75

[node name="HUD" type="Control" parent="."]
layout_mode = 3
anchors_preset = 13
anchor_left = 0.5
anchor_right = 0.5
anchor_bottom = 1.0
offset_left = -640.0
offset_right = 640.0
grow_horizontal = 2
grow_vertical = 2
size_flags_horizontal = 8
size_flags_vertical = 8
script = ExtResource("11_apvpm")

[node name="Icon" type="TextureRect" parent="HUD"]
layout_mode = 0
offset_left = 57.0
offset_top = 67.0
offset_right = 313.0
offset_bottom = 323.0
scale = Vector2(0.2, 0.2)
texture = ExtResource("13_jfda3")

[node name="x" type="Label" parent="HUD"]
layout_mode = 0
offset_left = 112.0
offset_top = 64.0
offset_right = 144.0
offset_bottom = 123.0
text = "×"
label_settings = SubResource("LabelSettings_38ys3")
metadata/_edit_use_anchors_ = true

[node name="x2" type="Label" parent="HUD"]
layout_mode = 1
anchors_preset = -1
anchor_left = 0.338281
anchor_top = 0.829167
anchor_right = 0.888281
anchor_bottom = 0.829167
offset_left = 112.0
offset_top = 64.0
offset_right = 144.0
offset_bottom = 123.0
text = "ชนาธิป บุตรโคตร 663380519-2
"
label_settings = SubResource("LabelSettings_38ys3")
metadata/_edit_use_anchors_ = true

[node name="Coins" type="Label" parent="HUD"]
layout_mode = 0
offset_left = 144.0
offset_top = 64.0
offset_right = 368.0
offset_bottom = 123.0
text = "0"
label_settings = SubResource("LabelSettings_38ys3")
metadata/_edit_use_anchors_ = true

[connection signal="coin_collected" from="Player" to="HUD" method="_on_coin_collected"]
